401A Morelos,            Mexico               2011 21 11N 086 48W 0000 3 00000R MM
401A More    201101011  785  775  737  682  617  562  525  520  548  589  638  680
401A More    201101012  714  724  710  678  635  588  553  539  556  591  635  678
401A More    201101021  699  699  674  633  577  528  488  459  453  468  503  549
401A More    201101022  596  626  630  605  564  516  467  443  449  480  525  573
401A More    201101031  618  643  637  601  547  493  439  402  395  413  445  487
401A More    201101032  528  562  580  572  544  507  472  451  437  452  487  534
401A More    201101041  579  619  641  639  619  587  550  514  482  478  497  519
401A More    201101042  549  582  604  608  587  552  513  481  464  461  477  508
401A More    201101051  549  588  616  613  591  549  504  468  443  435  448  471
401A More    201101052  506  542  567  579  576  557  520  492  470  464  472  499
401A More    201101061  544  594  633  649  647  634  609  575  545  525  519  533
401A More    201101062  558  585  607  618  616  606  589  562  533  511  504  515
401A More    201101071  538  570  603  629  635  621  602  574  541  516  506  522
401A More    201101072  549  589  627  655  664  663  655  636  613  589  572  572
401A More    201101081  590  627  670  704  726  732  716  696  675  658  646  637
401A More    201101082  644  657  669  681  686  681  667  646  618  592  572  558
401A More    201101091  558  574  599  625  646  661  663  655  650  640  635  637
401A More    201101092  648  661  681  702  717  721  720  717  706  688  662  641
401A More    201101101  622  617  621  632  642  649  659  664  665  650  629  613
401A More    201101102  605  602  605  610  614  614  607  601  594  575  547  527
401A More    201101111  507  496  493  504  520  537  558  575  592  598  598  599
401A More    201101112  602  603  602  612  625  635  647  654  655  645  624  605
401A More    201101121  582  563  551  550  556  563  578  591  608  616  613  607
401A More    201101122  605  595  588  591  605  630  650  667  676  677  665  646
401A More    201101131  631  606  568  537  520  535  558  586  612  628  633  632
401A More    201101132  629  625  623  616  603  594  593  595  599  604  599  579
401A More    201101141  550  520  485  457  439  442  457  478  501  536  567  583
401A More    201101142  577  563  542  521  508  508  522  547  569  591  601  596
401A More    201101151  579  553  511  466  429  409  418  445  480  517  557  580
401A More    201101152  592  589  571  546  525  514  518  541  578  619  660  683
401A More    201101161  687  673  641  593  539  499  484  494  528  571  610  645
401A More    201101162  661  662  647  623  596  574  568  580  608  651  695  731
401A More    201101171  748  742  716  673  618  556  514  497  511  541  586  628
401A More    201101172  663  675  665  633  590  551  533  536  563  607  655  699
401A More    201101181  727  733  709  671  619  564  519  500  509  537  580  635
401A More    201101182  684  715  716  686  637  587  551  538  550  588  638  699
401A More    201101191  752  785  784  752  698  636  572  525  501  515  552  606
401A More    201101192  661  704  717  705  665  612  554  518  507  525  571  632
401A More    201101201  695  749  775  769  734  682  622  565  529  526  560  618
401A More    201101202  683  741  772  772  740  682  619  564  527  518  543  595
401A More    201101211  655  718  762  779  768  734  676  613  558  522  517  547
401A More    201101212  601  662  712  743  737  707  657  602  561  543  553  588
401A More    201101221  647  707  769  813  828  813  777  725  667  624  597  598
401A More    201101222  628  663  702  742  753  740  702  649  589  538  503  491
401A More    201101231  509  553  608  656  692  709  697  668  633  600  579  578
401A More    201101232  605  653  708  758  788  793  773  729  674  621  577  544
401A More    201101241  539  560  596  640  682  710  720  710  686  654  618  592
401A More    201101242  584  594  615  651  682  704  707  696  660  615  566  525
401A More    201101251  494  489  503  530  551  584  619  631  630  618  604  585
401A More    201101252  567  555  565  590  612  640  669  687  682  653  608  563
401A More    201101261  526  500  494  501  518  549  577  610  628  629  620  603
401A More    201101262  575  543  516  507  514  537  566  599  617  614  589  552
401A More    201101271  512  471  444  431  435  447  476  514  570  609  631  625
401A More    201101272  608  581  549  529  524  537  560  591  624  643  642  619
401A More    201101281  579  530  480  436  406  401  412  440  477  516  553  574
401A More    201101282  572  554  521  482  454  446  455  483  523  563  589  594
401A More    201101291  581  550  506  457  412  380  371  379  404  445  490  528
401A More    201101292  553  552  534  502  464  440  438  461  506  558  607  642
401A More    201101301  649  629  586  529  472  425  395  387  407  445  491  539
401A More    201101302  574  588  571  536  487  443  419  420  446  491  543  590
401A More    201101311  616  623  601  557  508  462  430  414  423  454  497  547
401A More    201101312  586  608  606  580  537  491  456  438  450  485  528  577
401A More    201102011  617  635  630  608  563  517  476  445  442  463  500  544
401A More    201102012  587  617  624  611  581  535  502  483  486  510  548  599
401A More    201102021  651  692  703  689  663  619  574  539  530  545  575  605
401A More    201102022  637  661  664  645  605  559  516  480  459  464  495  533
401A More    201102031  570  605  621  612  579  535  493  462  438  433  452  485
401A More    201102032  522  558  587  593  577  543  508  472  448  451  477  519
401A More    201102041  568  618  649  656  639  602  562  520  486  469  476  505
401A More    201102042  544  585  611  619  602  569  527  488  453  436  436  450
401A More    201102051  479  514  546  564  562  544  519  495  479  483  499  531
401A More    201102052  564  596  618  625  611  587  550  507  473  450  451  468
401A More    201102061  490  521  561  590  601  593  573  544  517  499  490  502
401A More    201102062  531  562  595  614  621  619  605  580  554  530  512  507
401A More    201102071  521  542  574  598  612  616  608  592  577  567  562  574
401A More    201102072  596  622  648  668  668  653  628  594  562  536  510  488
401A More    201102081  482  488  506  530  548  569  585  584  577  567  559  555
401A More    201102082  568  604  643  681  711  722  719  707  688  667  650  640
401A More    201102091  642  651  667  685  699  705  701  687  666  639  620  607
401A More    201102092  601  604  618  640  661  673  673  675  671  649  623  596
401A More    201102101  575  565  570  589  614  635  661  681  693  685  674  661
401A More    201102102  650  640  638  647  657  669  680  688  694  691  679  657
401A More    201102111  630  599  574  562  567  585  601  615  626  623  611  598
401A More    201102112  580  570  573  591  619  654  685  715  738  749  735  708
401A More    201102121  663  619  574  547  540  551  576  613  652  674  678  666
401A More    201102122  656  642  611  588  582  592  613  643  665  683  690  671
401A More    201102131  646  609  564  527  501  490  499  527  562  589  604  602
401A More    201102132  589  563  530  500  485  489  509  540  581  626  657  657
401A More    201102141  629  583  528  473  431  408  408  427  461  501  535  558
401A More    201102142  566  554  528  497  469  457  468  503  552  601  641  662
401A More    201102151  661  629  578  517  461  425  416  426  460  509  560  601
401A More    201102152  619  612  583  539  494  457  445  460  500  551  607  652
401A More    201102161  678  677  654  607  550  496  464  459  488  537  590  640
401A More    201102162  671  670  643  595  537  484  448  437  467  522  591  657
401A More    201102171  707  732  718  674  621  559  501  457  452  482  542  609
401A More    201102172  666  698  701  668  611  545  490  453  450  484  542  612
401A More    201102181  683  731  743  725  679  619  566  518  499  515  562  630
401A More    201102182  699  748  758  731  674  602  526  464  431  433  471  535
401A More    201102191  608  673  707  704  670  619  560  510  474  462  484  530
401A More    201102192  578  622  660  668  649  605  541  472  420  400  416  459
401A More    201102201  522  592  650  682  684  664  627  588  546  516  513  541
401A More    201102202  590  650  701  731  732  699  645  578  522  484  467  481
401A More    201102211  518  569  626  668  685  689  668  635  604  573  551  560
401A More    201102212  596  639  678  712  732  726  696  645  587  531  485  457
401A More    201102221  460  494  542  585  624  640  642  631  605  577  554  535
401A More    201102222  535  552  578  613  636  645  636  610  569  518  468  426
401A More    201102231  402  400  418  446  475  503  530  543  540  515  490  469
401A More    201102232  451  442  454  479  517  552  578  589  579  548  508  465
401A More    201102241  428  409  404  409  435  466  489  513  528  536  528  506
401A More    201102242  488  475  470  477  498  529  564  606  620  621  610  574
401A More    201102251  539  498  467  453  454  468  497  536  563  581  585  575
401A More    201102252  555  524  498  485  477  491  519  546  567  593  598  577
401A More    201102261  541  502  457  420  402  402  415  453  501  537  564  563
401A More    201102262  546  522  491  466  455  454  464  499  549  591  625  637
401A More    201102271  626  599  563  510  465  445  442  456  496  542  577  600
401A More    201102272  598  575  541  504  471  450  448  467  509  567  611  637
401A More    201102281  648 9999 9999 9999 9999 9999 9999 9999 9999 9999 9999 9999
401A More    201102282 9999 9999 9999 9999 9999 9999 9999 9999 9999 9999 9999 9999
401A More    201103011 9999  667  633  578  511  454  410  396  407  435  483  532
401A More    201103012  558  552  533  513  482  452  436  451  488  542  608  667
401A More    201103021  709  731  733  713  674  632  605  596  595  612  638  667
401A More    201103022  686  686  674  640  583  528  491  471  480  518  569  621
401A More    201103031  671  705  710  696  664  627  601  590  598  629  673  721
401A More    201103032  766  793  799  781  747  700  656  626  617  632  656  689
401A More    201103041  721  743  742  721  681  635  595  564  550  561  594  638
401A More    201103042  678  712  730  725  695  649  601  563  548  557  594  645
401A More    201103051  696  734  772  774  766  744  712  684  663  664  690  728
401A More    201103052  765  795  801  778  739  682  628  579  544  534  547  576
401A More    201103061  612  646  664  656  634  614  587  549  515  508  519  540
401A More    201103062  563  586  597  593  566  539  503  456  420  397  384  409
401A More    201103071  441  483  513  525  527  508  489  468  450  445  459  486
401A More    201103072  526  566  604  624  622  606  587  557  528  496  490  504
401A More    201103081  534  583  634  675  687  680  661  631  592  566  568  587
401A More    201103082  613  642  661  670  672  665  649  615  574  541  517  514
401A More    201103091  526  551  579  608  634  645  644  632  617  611  604  610
401A More    201103092  639  672  702  728  736  732  724  700  668  638  612  592
401A More    201103101  583  594  613  636  652  663  668  671  660  635  612  598
401A More    201103102  591  600  615  635  652  658  656  640  614  582  564  534
401A More    201103111  519  524  529  543  569  594  608  612  603  582  570  569
401A More    201103112  572  577  580  583  595  621  644  658  655  636  608  572
401A More    201103121  536  516  514  522  537  553  569  589  596  590  578  565
401A More    201103122  553  539  533  539  558  580  602  625  635  628  606  576
401A More    201103131  539  506  479  465  471  488  514  548  579  599  601  593
401A More    201103132  574  554  536  525  523  534  557  585  614  629  628  613
401A More    201103141  589  558  524  497  486  498  525  562  606  639  653  651
401A More    201103142  639  617  577  539  525  528  547  579  625  662  682  682
401A More    201103151  659  619  566  508  468  448  453  490  549  599  636  652
401A More    201103152  634  592  537  492  462  448  461  494  542  592  632  657
401A More    201103161  659  641  597  541  492  461  461  489  547  611  661  683
401A More    201103162  685  667  624  573  521  492  485  510  554  608  665  711
401A More    201103171  733  728  688  626  559  498  466  471  509  556  618  666
401A More    201103172  684  672  633  572  510  460  428  438  480  540  611  678
401A More    201103181  726  743  729  688  633  571  514  485  495  539  604  668
401A More    201103182  712  719  693  640  573  505  450  417  424  467  527  598
401A More    201103191  658  698  699  670  620  568  520  488  486  514  561  624
401A More    201103192  679  711  707  668  609  540  477  434  418  441  495  557
401A More    201103201  617  677  707  708  681  635  583  525  477  474  513  568
401A More    201103202  620  671  705  700  663  604  536  465  417  403  418  461
401A More    201103211  528  596  645  667  671  651  607  562  523  510  530  572
401A More    201103212  624  667  706  719  700  656  589  512  446  403  394  421
401A More    201103221  477  535  585  622  639  633  614  580  543  507  490  499
401A More    201103222  546  611  675  723  741  735  700  636  566  510  478  470
401A More    201103231  490  532  585  632  660  677  679  662  631  590  560  550
401A More    201103232  562  593  630  665  686  688  671  638  589  534  486  447
401A More    201103241  423  417  432  458  487  518  538  544  528  509  497  482
401A More    201103242  470  478  512  547  582  616  639  649  633  595  550 9999
401A More    201103251 9999  463  463  476  507  535  553  567  574  566  555  536
401A More    201103252  516  505  503  517  540  578  615  642  654  652  636  608
401A More    201103261  585  562  540  523  525  546  579  616  650  675  683  677
401A More    201103262  668  646  629  620  614  630  664  704  749  769  760  739
401A More    201103271  711  679  650  623  608  607  625  663  699  737  761  754
401A More    201103272  727  698  663  645  638  649  672  700  730  761  786  791
401A More    201103281  767  740  709  663  635  628  627  639  662  693  717  718
401A More    201103282  701  673  637  586  549  542  553  586  633  681  722  751
401A More    201103291  757  738  709  671  626  596  589  598  628  670  703  736
401A More    201103292  742  725  691  645  602  570  556  565  588  622  659  692
401A More    201103301  696  687  663  629  590  556  536  543  564  599  638  673
401A More    201103302  693  694  678  637  590  544  524  536  575  627  675  720
401A More    201103311  749  761  743  687  637  602  579  562  572  600  638  681
401A More    201103312  706  710  694  659  605  562  543  540  561  602  646  682
401A More    201104011  718  742  729  699  661  624  602  594  604  630  660  692
401A More    201104012  718  727  713  683  649  599  558  538  537  561  606  650
401A More    201104021  684  706  709  694  671  640  612  595  592  600  626  657
401A More    201104022  682  693  695  683  659  621  579  550  534  543  570  605
401A More    201104031  639  668  674  662  641  609  577  559  550  557  577  600
401A More    201104032  618  636  645  638  617  585  547  510  482  481  505  541
401A More    201104041  582  624  642  641  624  600  573  556  555  565  593  627
401A More    201104042  661  690  708  708  693  662  618  577  543  529  536  559
401A More    201104051  595  638  674  684  674  650  621  598  588  589  595  615
401A More    201104052  640  667  673  668  650  625  582  539  506  486  479  497
401A More    201104061  529  569  603  622  617  610  598  578  563  563  568  585
401A More    201104062  611  635  651  661  664  654  632  601  562  525  508  504
401A More    201104071  516  541  563  578  584  584  574  560  557  551  553  565
401A More    201104072  582  606  630  655  669  673  661  643  615  589  570  566
401A More    201104081  581  599  618  637  651  657  654  640  613  586  573  566
401A More    201104082  570  586  604  627  647  662  667  654  624  593  565  535
401A More    201104091  521  529  547  572  599  616  632  634  621  605  593  585
401A More    201104092  580  589  605  626  646  660  669  664  652  631  604  570
401A More    201104101  544  527  526  537  564  590  612  629  630  619  608  594
401A More    201104102  574  561  562  577  603  632  655  681  697  696  679  653
401A More    201104111  617  580  554  544  553  578  606  638  662  667  652  635
401A More    201104112  612  586  565  562  586  618  652  686  715  722  720  698
401A More    201104121  660  622  590  560  553  565  603  646  680  705  706  684
401A More    201104122  646  601  554  512  500  519  560  605  653  691  711  709
401A More    201104131  690  649  603  562  538  532  562  620  682  728  750  741
401A More    201104132  711  666  617  571  544  550  580  623  678  732  765  772
401A More    201104141  758  730  683  632  588  566  574  610  668  728  772  788
401A More    201104142  773  733  676  617  570  548  559  590  637  689  736  775
401A More    201104151  790  783  742  684  629  583  560  579  621  673  732  784
401A More    201104152  801  779  723  655  591  549  531  544  579  640  705  761
401A More    201104161  803  819  800  756  694  632  590  585  610  662  717  767
401A More    201104162  796  795  755  688  621  556  505  485  503  553  613  671
401A More    201104171  724  759  766  746  706  654  597  561  563  595  650  709
401A More    201104172  752  772  754  708  649  580  515  469  450  472  526  594
401A More    201104181  661  716  742  732  693  636  586  545  525  541  587  644
401A More    201104182  700  749  772  757  715  645  569  507  466  458  479  527
401A More    201104191  582  638  679  697  688  661  618  573  540  527  539  579
401A More    201104192  642  695  736  757  742  697  636  577  528  505  512  542
401A More    201104201  578  621  668  700  711  702  679  641  598  563  548  554
401A More    201104202  586  631  681  721  735  719  678  619  559  507  469  461
401A More    201104211  479  509  543  584  609  618  612  592  570  547  528  521
401A More    201104212  541  577  621  668  707  723  719  691  645  600  556  528
401A More    201104221  522  535  562  592  626  654  665  657  636  609  577  552
401A More    201104222  538  539  549  575  613  652  677  682  665  631  599  572
401A More    201104231  552  549  552  567  596  623  651  667  670  664  661  652
401A More    201104232  633  618  620  637  659  694  733  755  754  742  714  688
401A More    201104241  661  639  630  626  638  655  675  698  709  701  682  653
401A More    201104242  620  582  556  550  561  589  619  641  661  666  654  630
401A More    201104251  606  582  566  556  550  554  576  608  646  669  671  652
401A More    201104252  626  595  562  543  540  552  572  603  647  675  687  683
401A More    201104261  657  624  590  554  533  531  534  555  605  650  673  678
401A More    201104262  664  634  599  573  561  569  594  629  663  693  723  740
401A More    201104271  739  720  706  675  645  641  649  671  704  747  783  794
401A More    201104272  775  744  708  686  666  654  663  687  721  757  791  806
401A More    201104281  813  805  778  742  705  676  669  683  712  747  785  792
401A More    201104282  781  756  708  648  604  563  558  572  607  648  694  722
401A More    201104291  734  725  695  659  617  584  569  575  599  630  661  684
401A More    201104292  694  680  643  597  553  524  510  516  544  586  631  672
401A More    201104301  706  720  708  673  635  599  578  579  598  621  651  679
401A More    201104302  696  694  676  638  590  542  510  494  500  518  544  578
401A More    201105011  611  634  640  622  580  542  509  500  515  544  573  603
401A More    201105012  636  657  656  633  599  557  516  491  492  523  569  616
401A More    201105021  655  678  685  672  640  593  555  538  549  582  617  652
401A More    201105022  683  695  689  666  629  577  532  498  478  485  505  536
401A More    201105031  576  609  621  618  598  573  540  520  509  518  539  570
401A More    201105032  603  628  639  630  613  583  537  503  485  490  524  560
401A More    201105041  593  620  633  625  606  582  552  524  513  517  534  558
401A More    201105042  583  609  627  626  605  571  520  462  424  410  415  440
401A More    201105051  480  513  541  557  547  526  497  469  458  463  475  497
401A More    201105052  526  552  575  590  585  563  537  502  466  439  431  441
401A More    201105061  478  513  548  567  571  572  558  534  512  492  487  498
401A More    201105062  525  559  594  619  631  631  621  591  549  515  490  484
401A More    201105071  505  542  571  591  612  627  630  622  604  586  576  580
401A More    201105072  600  631  663  697  728  747  747  727  698  663  634  611
401A More    201105081  600  603  615  639  664  681  686  682  669  649  629  620
401A More    201105082  623  635  655  681  707  729  745  747  736  714  685  658
401A More    201105091  641  634  639  659  687  711  730  739  728  703  677  655
401A More    201105092  638  634  643  664  696  730  755  772  771  754  723  689
401A More    201105101  656  625  614  622  642  673  708  738  748  739  711  677
401A More    201105102  644  624  623  634  656  682  717  759  787  800  796  775
401A More    201105111  743  706  677  663  670  699  742  788  816  828  812  774
401A More    201105112  735  685  649  633  641  666  704  747  784  805  818  812
401A More    201105121  792  754  709  665  632  628  654  692  730  761  771  757
401A More    201105122  724  680  638  596  573  573  603  643  690  737  775  787
401A More    201105131  774  745  705  657  614  595  605  636  691  740  773  781
401A More    201105132  751  698  640  588  545  528  544  578  622  670  723  760
401A More    201105141  771  761  725  679  630  594  593  618  661  711  756  782
401A More    201105142  781  745  688  621  565  517  499  527  576  630  688  735
401A More    201105151  764  766  733  685  630  577  554  564  606  668  721  764
401A More    201105152  779  764  728  671  616  561  517  502  519  560  615  678
401A More    201105161  726  754  754  724  677  622  578  559  577  621  676  727
401A More    201105162  774  789  771  730  670  608  560  528  521  545  587  643
401A More    201105171  699  743  759  749  717  673  627  594  578  593  636  686
401A More    201105172  736  774  787  768  729  675  616  567  534  526  542  582
401A More    201105181  636  687  712  707  696  663  617  576  552  546  566  612
401A More    201105182  668  717  757  768  758  720  666  613  569  541  546  572
401A More    201105191  624  669  708  730  729  712  685  656  620  594  590  611
401A More    201105192  647  696  745  779  792  775  734  680  623  574  549  554
401A More    201105201  578  612  643  677  686  678  666  650  622  589  574  569
401A More    201105202  587  624  658  690  721  742  727  688  646  608  571  549
401A More    201105211  557  577  607  632  665  677  677  665  652  628  603  580
401A More    201105212  577  590  615  641  680  705  707  692  661  630  596  570
401A More    201105221  561  563  568  582  603  621  630  637  632  615  599  579
401A More    201105222  564  566  586  610  635  663  686  694  686  668  651  633
401A More    201105231  618  597  587  583  592  602  619  631  641  632  620  604
401A More    201105232  587  573  572  586  610  634  653  665  669  668  657  640
401A More    201105241  624  605  586  573  571  571  582  604  624  639  637  622
401A More    201105242  597  560  534  528  535  553  584  617  642  661  669  660
401A More    201105251  641  619  596  580  574  579  594  609  631  653  665  664
401A More    201105252  645  620  595  576  575  590  617  651  687  720  737  739
401A More    201105261  728  705  676  648  629  619  628  650  675  699  711  710
401A More    201105262  692  666  628  599  584  580  600  634  673  708  730  743
401A More    201105271  737  717  688  665  646  633  632  647  666  689  708  722
401A More    201105272  715  694  666  636  616  605  606  622  651  682  721  748
401A More    201105281  759  758  741  714  682  657  652  666  687  716  743  760
401A More    201105282  759  746  718  687  655  631  622  623  639  676  717  756
401A More    201105291  783  791  778  742  710  686  675  678  699  732  765  788
401A More    201105292  792  780  753  719  681  647  626  623  636  660  694  726
401A More    201105301  753  758  746  722  692  664  648  644  661  689  723  745
401A More    201105302  751  741  714  680  640  610  582  577  589  618  654  699
401A More    201105311  734  756  753  725  689  663  645  636  642  667  694  724
401A More    201105312  749  755  738  705  655  606  564  533  523  542  576  618
401A More    201106011  652  678  686  674  640  601  573  554  558  581  617  651
401A More    201106012  687  712  715  699  672  634  594  557  537  537  560  600
401A More    201106021  646  680  696  694  671  640  603  573  568  583  615  660
401A More    201106022  695  721  733  724  697  662  621  575  540  529  545  579
401A More    201106031  619  654  674  686  678  657  627  598  581  583  600  634
401A More    201106032  669  701  724  738  730  705  668  629  592  566  559  577
401A More    201106041  607  642  675  696  704  695  674  648  622  609  608  627
401A More    201106042  662  700  734  759  767  757  725  680  638  603  578  576
401A More    201106051  584  602  640  672  679  675  660  624  593  566  548  557
401A More    201106052  582  621  659  700  731  740  730  704  664  626  601  586
401A More    201106061  588  608  644  675  695  701  693  672  642  615  591  573
401A More    201106062  575  592  625  654  677  701  715  715  694  668  644  615
401A More    201106071  595  593  609  630  650  663  681  676  653  624  597  568
401A More    201106072  551  558  575  599  637  674  709  732  734  715  686  657
401A More    201106081  627  607  606  619  640  659  677  689  689  677  656  627
401A More    201106082  594  565  557  567  591  620  652  686  705  709  696  684
401A More    201106091  654  622  598  595  604  630  654  681  702  702  680  646
401A More    201106092  612  582  561  557  574  605  650  689  727  746  747  733
401A More    201106101  706  674  636  609  595  603  633  663  691  706  707  682
401A More    201106102  642  596  548  513  498  509  539  580  627  665  698  709
401A More    201106111  698  671  630  587  563  558  576  609  655  692  713  706
401A More    201106112  678  631  581  533  498  484  497  530  572  618  660  681
401A More    201106121  681  659  626  577  538  514  514  541  578  625  660  676
401A More    201106122  668  639  594  541  489  448  431  441  478  527  578  620
401A More    201106131  645  647  625  584  540  503  492  495  522  566  615  651
401A More    201106132  668  654  616  554  486  440  411  405  418  448  490  531
401A More    201106141  556  576  576  560  522  483  446  429  436  466  509  556
401A More    201106142  593  604  584  544  488  431  382  351  344  361  392  435
401A More    201106151  475  509  526  520  494  462  434  419  426  455  499  551
401A More    201106152  607  647  660  645  605  545  485  430  392  376  389  428
401A More    201106161  470  512  536  540  522  487  454  419  394  402  431  473
401A More    201106162  525  576  605  607  588  542  484  436  403  382  392  420
401A More    201106171  458  498  528  536  533  509  473  447  426  412  420  447
401A More    201106172  487  530  567  592  586  562  519  472  432  405  394  418
401A More    201106181  448  473  501  523  526  519  498  471  451  443  438  452
401A More    201106182  471  497  531  560  577  585  577  536  496  452  435  427
401A More    201106191  446  463  483  515  541  544  529  506  483  457  440  444
401A More    201106192  472  499  525  548  567  580  571  554  528  509  494  492
401A More    201106201  498  511  529  546  559  574  577  568  546  517  481  457
401A More    201106202  454  468  489  509  527  535  539  539  533  527  510  490
401A More    201106211  478  481  492  515  528  536  541  542  534  519  506  492
401A More    201106212  475  468  469  489  510  533  556  569  571  561  547  537
401A More    201106221  533  532  538  545  547  555  572  587  591  579  558  534
401A More    201106222  511  494  488  489  503  529  547  558  565  567  565  561
401A More    201106231  551  543  530  527  531  536  549  572  594  622  622  591
401A More    201106232  557  516  486  472  472  481  496  517  542  557  565  562
401A More    201106241  550  542  535  525  517  518  526  542  566  596  613  614
401A More    201106242  595  570  540  518  498  505  528  551  582  615  642  640
401A More    201106251  625  609  598  587  575  570  572  585  610  641  661  662
401A More    201106252  656  632  601  574  555  546  552  564  591  626  661  680
401A More    201106261  688  683  673  659  645  636  638  649  686  715  726  727
401A More    201106262  725  719  701  667  625  575  553  570  616  662  719  751
401A More    201106271  749  743  730  690  651  625  611  619  642  691  721  754
401A More    201106272  762  743  709  670  630  599  579  570  576  594  623  658
401A More    201106281  685  695  687  669  634  593  586  591  620  654  692  736
401A More    201106282  771  788  769  729  676  628  581  562  577  615  662  702
401A More    201106291  724  731  724  697  666  622  595  600  626  645  706  740
401A More    201106292  750  752  744  705  650  609  582  558  554  571  604  638
401A More    201106301  672  690  699  700  678  639  605  590  596  621  675  717
401A More    201106302  746  765  761  739  719  685  642  593  557  561  570  607
401A More    201107011  647  682  701  713  697  659  617  588  571  576  608  660
401A More    201107012  730  771  787  778  753  719  670  614  573  550  565  597
401A More    201107021  641  682  707  715  700  664  626  586  561  547  562  600
401A More    201107022  634  679  708  719  707  675  627  578  534  512  520  549
401A More    201107031  581  608  643  676  676  658  626  582  542  525  532  567
401A More    201107032  627  681  726  750  752  731  693  650  608  581  569  581
401A More    201107041  610  647  691  713  715  699  670  620  578  544  519  513
401A More    201107042  532  569  618  656  689  701  681  645  603  559  526  508
401A More    201107051  523  550  595  635  659  663  648  609  562  522  492  479
401A More    201107052  482  512  552  591  625  648  655  643  623  605  573  543
401A More    201107061  522  531  559  601  648  666  661  639  606  562  525  497
401A More    201107062  486  491  517  558  598  626  652  667  659  640  617  586
401A More    201107071  563  561  563  582  605  632  657  664  658  628  576  528
401A More    201107072  497  481  476  500  529  568  603  632  642  635  617  591
401A More    201107081  569  551  544  547  567  584  605  644  659  656  629  588
401A More    201107082  534  484  453  450  470  505  541  583  620  637  641  630
401A More    201107091  599  571  550  542  543  559  587  630  661  671  667  644
401A More    201107092  605  560  508  464  451  463  496  531  568  601  616  626
401A More    201107101  621  594  565  531  503  504  528  571  611  638  653  655
401A More    201107102  633  601  555  501  459  437  438  461  497  533  568  601
401A More    201107111  615  595  561  523  486  459  459  474  507  550  596  627
401A More    201107112  630  606  564  514  469  433  421  434  457  496  547  569
401A More    201107121  588  595  590  576  539  506  485  486  517  576  642  684
401A More    201107122  697  691  668  620  560  508  473  461  473  503  541  588
401A More    201107131 9999  642  639  617  591  550  515  503  512  538  580  634
401A More    201107132  680  703  699  667  619  564  511  472  464  478  517  566
401A More    201107141  614  639  639  626  601  560  514  487  489  512  555  603
401A More    201107142  649  685  697  684  659  620  567  520  500  513  538  574
401A More    201107151  624  675  700  695  663  618  575  549  540  554  589  631
401A More    201107152  674  718  747  758  740  706  665  625  588  576  580  597
401A More    201107161  637  681  713  736  718  680  644  605  573  571  586  624
401A More    201107162  675  721  758  775  767  747  711  673  638  620  618  637
401A More    201107171  666  702  740  763  758  739  696  645  606  590  589  604
401A More    201107172  631  663  694  719  729  716  682  645  615  590  576  583
401A More    201107181  614  645  671  679  679  668  656  638  614  594  579  575
401A More    201107182  593  630  676  711  733  731  714  690  669  649  631  624
401A More    201107191  626  653  685  706  718  719  707  678  653  640  631  622
401A More    201107192  619  633  663  692  715  737  746  728  699  679  664  651
401A More    201107201  653  668  690  712  729  736  731  722  710  695  679  666
401A More    201107202  653  656  671  692  714  733  744  744  735  719  700  678
401A More    201107211  669  671  679  686  688  692  692  691  680  671  654  641
401A More    201107212  631  628  636  648  662  679  702  723  728  726  716  708
401A More    201107221  695  682  677  680  686  693  696  702  701  686  663  637
401A More    201107222  615  600  585  584  597  614  632  646  656  661  660  664
401A More    201107231  660  658  640  643  650  659  675  695  709  713  701  683
401A More    201107232  662  636  609  594  599  620  647  677  696  710  714  705
401A More    201107241  690  669  650  633  624  624  646  673  703  722  732  727
401A More    201107242  708  686  667  647  633  633  646  666  688  714  738  752
401A More    201107251  747  732  714  686  666  659  665  694  727  753  773  774
401A More    201107252  759  729  693  659  629  622  624  642  680  722  753  771
401A More    201107261  770  756  732  693  664  648  657  691  725  761  793  810
401A More    201107262  803  783  749  710  670  651  646  661  692  733  775  816
401A More    201107271  836  825  800  759  719  683  679  696  733  780  823  846
401A More    201107272  844  819  779  726  677  638  620  624  642  677  723  770
401A More    201107281  800  792  770  737  704  670  653  657  687  737  788  840
401A More    201107282  868  869  833  774  714  660  622  612  623  656  696  736
401A More    201107291  765  776  759  720  670  620  577  559  573  616  671  728
401A More    201107292  773  793  789  765  721  672  630  604  601  625  666  718
401A More    201107301  767  796  798  768  721  673  637  615  619  652  708  771
401A More    201107302  829  876  891  874  832  779  723  679  656  664  696  741
401A More    201107311  791  825  840  835  793  747  693  654  631  631  661  715
401A More    201107312  775  824  855  857  833  790  736  684  644  625  640  675
401A More    201108011  720  759  783  780  751  707  651  606  572  559  570  614
401A More    201108012  675  736  785  813  806  783  742  688  639  612  610  631
401A More    201108021  666  707  742  764  758  726  679  620  568  540  535  558
401A More    201108022  601  651  701  748  773  780 9999 9999 9999 9999 9999 9999
401A More    201108031 9999 9999 9999 9999 9999 9999 9999 9999 9999 9999 9999 9999
401A More    201108032 9999 9999 9999 9999 9999 9999 9999 9999 9999 9999 9999 9999
401A More    201108041 9999  676  715  753  777  777  756  723  676  627  589  561
401A More    201108042  554  562  591  630  670  705  725  731  721  697  661  639
401A More    201108051  624  627  635  658  682  708  716  708  688  656  618  581
401A More    201108052  552  530  532  557  591  631  669  696  702  694  680  664
401A More    201108061  640  623  621  627  642  663  691  711  715  705  676  634
401A More    201108062  592  553  529  524  535  555  584  613  638  653  646  630
401A More    201108071  600  567  543  527  529  550  585  630  665  680  673  650
401A More    201108072  610  565  522  495  489  500  517  550  587  625  659  675
401A More    201108081  660  632  598  564  541  541  567  613  666  710  730  723
401A More    201108082  694  652  612  575  548  529  531  551  588  624  662  684
401A More    201108091  688  679  646  596  554  525  529  558  607  666  714  741
401A More    201108092  741  710  667  623  585  557  539  538  567  608  646  687
401A More    201108101  710  712  684  637  587  546  530  536  559  607  658  695
401A More    201108102  716  707  676  629  576  528  496  485  502  538  582  620
401A More    201108111  645  645  628  587  537  497  475  478  499  535  586  633
401A More    201108112  668  680  671  648  614  567  517  486  485  506  540  593
401A More    201108121  642  664  651  626  590  546  520  503  511  541  586  629
401A More    201108122  671  695  698  682  653  616  584  555  535  541  572  612
401A More    201108131  644  664  666  654  623  586  544  519  508  508  531  580
401A More    201108132  626  664  687  683  656  618  587  562  543  543  560  580
401A More    201108141  607  635  648  642  612  580  545  514  491  490  510  545
401A More    201108142  588  624  650  662  649  619  584  556  536  533  554  587
401A More    201108151  623  650  665  663  643  602  561  529  511  505  519  551
401A More    201108152  591  630  660  677  678  665  638  604  578  567  568  586
401A More    201108161  614  647  668  673  661  631  594  555  524  512  519  544
401A More    201108162  579  611  644  669  671  657  632  610  588  576  570  586
401A More    201108171  619  650  671  686  683  669  650  630  603  580  567  583
401A More    201108172  611  635  667  697  707  698  685  670  647  626  620  625
401A More    201108181  649  677  698  711  703  689  678  671  662  656  654  659
401A More    201108182  673  691  714  727  736  740  739  725  708  689  681  678
401A More    201108191  687  707  727  741  748  750  748  739  724  701  687  669
401A More    201108192  668  676  694  717  744  768  787  793  791  780  764  755
401A More    201108201  751  746  753  766  776  776  778  781  776  761  739  720
401A More    201108202  709  707  718  734  751  759  763  764  761  752  742  737
401A More    201108211  732  737  745  762  767  776  784  796  805  802  791  779
401A More    201108212  761  737  719  712  719  722  743  768  790  794  785  780
401A More    201108221  774  755  740  728  723  727  743  762  779  792  795  787
401A More    201108222  767  737  701  673  663  669  684  710  739  760  770  768
401A More    201108231  755  737  713  698  694  703  726  756  786  815  829  829
401A More    201108232  816  787  751  721  703  703  717  736  767  794  812  823
401A More    201108241  819  804  775  748  728  716  718  744  783  823  850  861
401A More    201108242  843  811  770  726  697  687  694  712  734  764  791  813
401A More    201108251  813  801  770  726  686  663  662  691  731  779  825  856
401A More    201108252  865  845  799  748  699  664  656  672  706  754  800  837
401A More    201108261  857  837  805  750  691  653  642  661  703  760  809  849
401A More    201108262  865  851  810  752  690  638  598  594  616  655  697  738
401A More    201108271  765  760  730  683  632  587  561  568  596  645  709  770
401A More    201108272  814  827  813  775  727  674  628  607  614  652  701  754
401A More    201108281  787  793  770  720  661  603  563  555  571  605  657  721
401A More    201108282  762  794  808  789  747  686  628  585  575  602  652  706
401A More    201108291  756  794  806  780  724  660  606  563  554  586  644  705
401A More    201108292  766  821  848  848  821  768  716  675  646  637  661  701
401A More    201108301  755  809  842  829  788  731  665  612  577  577  605  658
401A More    201108302  728  793  839  861  857  828  777  733  702  681  680  706
401A More    201108311  747  799  842  857  841  796  735  668  615  579  573  598
401A More    201108312  650  705  763  807  828  824  809  771  722  683  664  671
401A More    201109011  711  763  814  838  830  803  769  716  666  630  609  607
401A More    201109012  632  667  707  744  768  780  772  752  720  685  655  636
401A More    201109021  634  664  703  735  764  773  763  734  687  649  612  594
401A More    201109022  591  608  645  690  726  755  766  761  744  715  683  660
401A More    201109031  655  673  695  723  759  792  808  801  773  730  688  648
401A More    201109032  614  597  599  613  633  659  681  694  700  690  674  658
401A More    201109041  648  637  637  656  689  731  769  788  795  781  749  715
401A More    201109042  680  648  629  628  638  651  679  705  717  719  718  700
401A More    201109051  684  664  645  635  641  659  686  720  745  752  749  731
401A More    201109052  698  662  622  586  571  574  598  633  672  706  718  713
401A More    201109061  704  675  638  608  583  589  616  655  702  741  757  747
401A More    201109062  721  684  643  606  576  556  556  573  596  637  671  683
401A More    201109071  677  647  605  569  540  530  549  584  635  690  732  753
401A More    201109072  748  717  666  615  582  571  574  584  596  636  668  685
401A More    201109081  701  688  658  616  576  551  543  573  623  679  729  765
401A More    201109082  764  757  723  676  631  591  576  579  600  634  668  688
401A More    201109091  696  692  669  639  607  579  557  557  586  630  682  728
401A More    201109092  759  763  742  705  661  621  598  594  610  647  694  745
401A More    201109101  780  791  779  744  701  660  641  647  672  714  765  816
401A More    201109102  854  881  881  852  805  755  719  703  706  727  765  804
401A More    201109111  834  850  838  802  761  714  679  672  690  729  778  827
401A More    201109112  870  897  902  889  860  825  798  777  772  792  822  853
401A More    201109121  879  887  878  855  810  763  712  678  668  684  724  774
401A More    201109122  829  864  876  861  832  787  752  726  715  719  740  775
401A More    201109131  808  832  840  832  798  752  707  669  651  653  680  720
401A More    201109132  761  793  806  803  787  758  729  709  698  693  707  735
401A More    201109141  769  794  800  785  759  727  695  671  649  640  655  688
401A More    201109142  732  766  784  789  782  765  740  715  698  703  722  752
401A More    201109151  787  812  821  820  813  793  761  724  694  674  674  691
401A More    201109152  720  757  777  788  786  774  752  724  702  685  683  702
401A More    201109161  735  768  791  798  796  776  752  720  688  663  647  656
401A More    201109162  672  692  715  737  750  754  744  727  698  678  671  678
401A More    201109171  704  737  761  770  783  776  759  742  714  687  671  662
401A More    201109172  662  674  694  707  723  730  732  719  709  700  694  689
401A More    201109181  694  717  745  763  777  784  773  747  714  683  659  651
401A More    201109182  649  649  653  671  682  702  720  710  692  670  657  646
401A More    201109191  636  630  632  641  652  661  678  686  691  685  668  646
401A More    201109192  626  610  606  622  651  667  687  698  696  677  667  665
401A More    201109201  652  651  664  676  688  704  723  748  761  763  760  743
401A More    201109202  711  675  650  645  657  683  717  751  774  783  767  747
401A More    201109211  733  720  704  691  688  704  724  746  763  774  778  771
401A More    201109212  746  711  665  628  612  624  649  693  728  760  779  764
401A More    201109221  723  683  652  634  641  661  691  734  782  819  841  842
401A More    201109222  818  775  723  678  648  633  644  688  739  785  807  803
401A More    201109231  774  727  683  646  617  614  638  681  731  779  805  803
401A More    201109232  781  750  706  661  622  598  597  626  672  722  772  795
401A More    201109241  797  762  710  655  601  575  586  631  685  747  803  832
401A More    201109242  840  817  766  706  650  613  598  610  659  712  766  806
401A More    201109251  811  792  737  670  615  578  567  595  655  720  781  822
401A More    201109252  838  846  831  786  728  677  640  636  664  717  776  826
401A More    201109261  851  845  809  747  680  625  592  598  636  700  773  842
401A More    201109262  887  906  901  871  821  769  722  693  698  734  784  838
401A More    201109271  884  896  882  840  770  693  632  598  608  651  708 9999
401A More    201109272 9999 9999 9999 9999 9999 9999 9999 9999 9999 9999 9999 9999
401A More    201109281 9999 9999 9999 9999 9999 9999 9999 9999 9999 9999 9999 9999
401A More    201109282 9999 9999 9999 9999 9999 9999 9999 9999 9999 9999 9999 9999
401A More    201109291 9999 9999 9999 9999 9999 9999 9999 9999 9999 9999 9999 9999
401A More    201109292 9999 9999 9999 9999 9999 9999 9999 9999 9999 9999 9999 9999
401A More    201109301 9999 9999 9999 9999 9999 9999 9999 9999 9999 9999 9999 9999
401A More    201109302 9999 9999 9999 9999 9999 9999 9999 9999 9999 9999 9999 9999
401A More    201110011 9999 9999 9999 9999 9999 9999 9999 9999 9999 9999 9999 9999
401A More    201110012 9999 9999 9999 9999 9999 9999 9999 9999 9999 9999 9999 9999
401A More    201110021 9999 9999 9999 9999 9999 9999 9999 9999 9999 9999 9999 9999
401A More    201110022 9999 9999 9999 9999 9999 9999 9999 9999 9999 9999 9999 9999
401A More    201110031 9999  726  732  743  769  791  812  826  829  816  795  765
401A More    201110032  729  701  696  695  694  702  719  741  757  771  773  751
401A More    201110041  732  708  690  688  694  716  747  781  813  826  813  785
401A More    201110042  746  702  663  644  640  651  673  698  725  754  755  749
401A More    201110051  730  696  664  640  634  652  687  731  775  813  830  821
401A More    201110052  793  760  711  668  646  641  649  665  684  702  713  713
401A More    201110061  698  667  628  593  573  576  599  641  692  747  788  803
401A More    201110062  796  765  726  683  656  644  648  668  702  738  773  792
401A More    201110071  788  764  726  679  641  625  629  659  709  763  816  849
401A More    201110072  857  838  804  765  729  697  687  695  716  749  787  808
401A More    201110081  806  789  756  713  676  655  651  661  694  741  796  837
401A More    201110082  858  861  835  798  760  729  704  701  716  739  770  798
401A More    201110091  816  807  774  728  675  637  615  620  645  682  729  771
401A More    201110092  795  798  788  760  729  700  679  674  686  710  739  773
401A More    201110101  800  807  789  749  700  656  624  617  631  666  713  760
401A More    201110102  798  813  809  790  756  717  684  669  672  694 9999 9999
401A More    201110111 9999  804  796  768  724  675  636  618  628  661  705  751
401A More    201110112  791  817  822  810  783  746  713  697  696  713  748  784
401A More    201110121  815  837  836  809  767  713  659  624  612  619  650  698
401A More    201110122  743  775  786  776  754  724  694  676  671  678  702  739
401A More    201110131  773  802  821  806  773  734  693  660  641  644  668  701
401A More    201110132  736  761  782  781  765  740  713  692  668  663  678  702
401A More    201110141  744  774  790  787  772  745  707  679  657  653  659  688
401A More    201110142  725  770  810  815  799  771  746  731  723  719  732  761
401A More    201110151  793  799  806  811  803  797  790  769  744  731  734  756
401A More    201110152  791  820  845  862  884  899  904  895  878  859  853  864
401A More    201110161  886  914  924  918  910  885  843  820  795  798  810  822
401A More    201110162  853  862  881  901  910  910  913  883  843  809  783  777
401A More    201110171  781  788  786  783  786  781  763  738  712  679  650  630
401A More    201110172  616  620  638  658  672  678  679  670  661  652  651  654
401A More    201110181  660  674  690  697  710  721  727  725  723  707  690  668
401A More    201110182  641  622  621  630  649  671  690 9999 9999 9999 9999 9999
401A More    201110191 9999 9999 9999 9999 9999 9999 9999 9999 9999 9999 9999 9999
401A More    201110192 9999 9999 9999 9999 9999 9999 9999 9999 9999 9999 9999 9999
401A More    201110201 9999 9999 9999 9999 9999 9999 9999 9999 9999 9999 9999 9999
401A More    201110202 9999 9999 9999 9999 9999 9999 9999 9999 9999 9999 9999 9999
401A More    201110211 9999 9999 9999 9999 9999 9999 9999 9999 9999 9999 9999 9999
401A More    201110212 9999 9999 9999 9999 9999 9999 9999 9999 9999 9999 9999 9999
401A More    201110221 9999 9999 9999 9999 9999 9999 9999 9999 9999 9999 9999 9999
401A More    201110222 9999 9999 9999 9999 9999 9999 9999 9999 9999 9999 9999 9999
401A More    201110231 9999 9999 9999 9999 9999 9999 9999 9999 9999 9999 9999 9999
401A More    201110232 9999 9999 9999 9999 9999 9999 9999 9999 9999 9999 9999 9999
401A More    201110241 9999  792  730  658  595  553  548  575  633  702  775  831
401A More    201110242  856  851  818  768  714  667  651  664  700  750  804  842
401A More    201110251  859  845  803  739  676  626  595  596  631  692  761  826
401A More    201110252  871  886  870  821  762  705  665  650  659  690  740  805
401A More    201110261  847  864  843  792  733  666  614  591  600  633  677  738
401A More    201110262  806  856  873  853  801  752  715  682  675  695  731  779
401A More    201110271  820  846  850  829  777  715  652  608  586  598  636  691
401A More    201110272  745  798  818  808  785  734  689  648  629  630  662  726
401A More    201110281  825  923  966  939  869  811  748  691  638  597  589  615
401A More    201110282  654  694  728  741  724  693  657  617  581  559  570  610
401A More    201110291  660  712  751  770  756  723  669  613  568  541  536  560
401A More    201110292  599  642  684  715  725  721  702  665  636  601  580  579
401A More    201110301  610  650  692  727  763  777  759  718  677  646  619  611
401A More    201110302  624  651  686  728  757  770  763  737  707  670  623  592
401A More    201110311  585  597  617  646  677  697  704  689  658  623  599  571
401A More    201110312  554  550  555  571  608 9999 9999 9999 9999 9999 9999 9999
401A More    201111011 9999 9999 9999 9999 9999 9999 9999 9999 9999 9999 9999 9999
401A More    201111012 9999 9999 9999 9999 9999 9999 9999 9999 9999 9999 9999 9999
401A More    201111021 9999 9999 9999 9999 9999 9999 9999 9999 9999 9999 9999 9999
401A More    201111022 9999 9999 9999 9999 9999 9999 9999 9999 9999 9999 9999 9999
401A More    201111031 9999 9999 9999 9999 9999 9999 9999 9999 9999 9999 9999 9999
401A More    201111032 9999 9999 9999 9999 9999 9999 9999 9999 9999 9999 9999 9999
401A More    201111041 9999 9999 9999 9999 9999 9999 9999 9999 9999 9999 9999 9999
401A More    201111042 9999 9999 9999 9999 9999 9999 9999 9999 9999 9999 9999 9999
401A More    201111051 9999 9999 9999 9999 9999 9999 9999 9999 9999 9999 9999 9999
401A More    201111052 9999 9999 9999 9999 9999 9999 9999 9999 9999 9999 9999 9999
401A More    201111061 9999 9999 9999 9999 9999 9999 9999 9999 9999 9999 9999 9999
401A More    201111062 9999 9999 9999 9999 9999 9999 9999 9999 9999 9999 9999 9999
401A More    201111071 9999 9999 9999 9999 9999 9999 9999 9999 9999 9999 9999 9999
401A More    201111072 9999 9999 9999 9999 9999 9999 9999 9999 9999 9999 9999 9999
401A More    201111081 9999  686  648  601  558  527  517  534  565  611  665  714
401A More    201111082  743  748  731  701  663  635  623  630  646  679  715  741
401A More    201111091  747  735  717  684  642  598  564  556  572  607  655  701
401A More    201111092  735  743  728  700  666  637  610  595  608  639  671  699
401A More    201111101  720  735  723  696  660  615  575  550  544  563  598  636
401A More    201111102  671  690  691  681  658  620  584  570  573  591  623  659
401A More    201111111  690  710  707  691  654  612  573  546  525  528  556  595
401A More    201111112  631  655  670  673  664  637  601  568  554  560  580  612
401A More    201111121  642  663  672  660  637  601  555  521  499  503  527  564
401A More    201111122  603  634  650  653  640  618  586  558  542  538  544  566
401A More    201111131  592  619  635  640  625  597  567  536  512  503  513  535
401A More    201111132  569  602  634  654  655  640  630  612  607  611  625  646
401A More    201111141  678  723  752  763  769  759  737  707  688  680  687  701
401A More    201111142  723  762  797  817  823  807  778  738  706  690  686  694
401A More    201111151  712 9999 9999 9999 9999 9999 9999 9999 9999 9999 9999 9999
401A More    201111152 9999 9999 9999 9999 9999 9999 9999 9999 9999 9999 9999 9999
401A More    201111161 9999  708  731  757  781  795  795  781  756  732  708  695
401A More    201111162  695  710  735  754  768  778  781  774  754  728  699  679
401A More    201111171  666  671  690  716  747  774  796  805  803  782  759  731
401A More    201111172  698  677  676  685  699  717  736  745  738  715  681  648
401A More    201111181  622  608  612  633  660  691  727  752  769  775  769  754
401A More    201111182  735  712  701  706  722  750  782  810  818  807  778  741
401A More    201111191  714  692  674  666  671  694  725  767  800  820  825  806
401A More    201111192  775  742  716  699  702  724  756  788  817  831  816  784
401A More    201111201  744  702  667  646  640  653  686  726  768  806  825  821
401A More    201111202  796  761  725  691  670  671  694  725  762  789  788  764
401A More    201111211  718  661  609  569  544  544  562  593  644  706  757  785
401A More    201111212  782  757  710  664  622  603  613  654  702  746  774  778
401A More    201111221  758  709  646  595  560  539  549  579  622  675  734  778
401A More    201111222  789  780  752  707  657  614  598  612  655  704  752  786
401A More    201111231  790  758  701  642  585  536  513  508  531  584  640  684
401A More    201111232  710  714  692  650  595  543  511  508  534  584  637  686
401A More    201111241  718  715  686  631  563  498  450  430  445  488  551  612
401A More    201111242  664  699  701  675  635  593  550  523  522  556  608  667
401A More    201111251  709  734  730  698  643  576  521  484  469  480  517  569
401A More    201111252  626  664  680  672  637  591  541  507  497  517  566  628
401A More    201111261  693  749  778  778  749  699  645  601  577  581  616  663
401A More    201111262  710  754  780  795  785  759  720  676  642  626  634  670
401A More    201111271  716  767  807  835  835  805  755  697  645  610  609  631
401A More    201111272  662  690  722  747  753  747  729  696  653  617  604  618
401A More    201111281  660  708  745  777  800  794  761  708  658  619  588  592
401A More    201111282  614  638  656  674  683  675  653  621  590  562  539  536
401A More    201111291  563  609  663  713  753  774  784  779  757  735  716  696
401A More    201111292  699  711  725  741  757  769  768  746  711  670  630  597
401A More    201111301  577  582  604  634  667  696  712  715  702  680  663  646
401A More    201111302  635  635  642  656  671  686  703  716  710  689  664  642
401A More    201112011  630  633  646  672  705  741  772  789  787  772  756  742
401A More    201112012  726  713  708  714  724  737  748  754  753  736  709  682
401A More    201112021  657  637  629  636  657  691  728  766  791  800  798  789
401A More    201112022  776  758  739  732  727  735  745  764  779  781  768  742
401A More    201112031  707  675  644  625  630  645  671  712  755  779  785  785
401A More    201112032  778  765  749  728  714  725  745  772  797  822  832  825
401A More    201112041  801  770  731  700  683  683  701  729  762  798  828  843
401A More    201112042  839  817  780  740  710  695  703  728  761  794  811  817
401A More    201112051  803  768  731  698  665  650  658  684  724  762  792  800
401A More    201112052  788  772  746  721  697  678  668  674  691  713  732  742
401A More    201112061  736  710  670  632  593  568  562  578  609  648  688  714
401A More    201112062  728  727  722  705  681  654  639  640  652  675  702  723
401A More    201112071  729  714  681  641  594  558  537  542  564  597  635  664
401A More    201112072  681  680  665  637  600  570  553  557  580  610  646  678
401A More    201112081  696  697  678  642  598  558  534  528  549  586  630  670
401A More    201112082  705  725  724  708  677  646  625  625  639  664  692  718
401A More    201112091  739  748  731  703  667  630  604  591  595  613  642  670
401A More    201112092  693  706  703  683  648  614  586  569  569  588  619  656
401A More    201112101  688  707  698  678  639  588  540  504  496  517  554  594
401A More    201112102  632  661  677  680  668  642  621  609  609  627  661  701
401A More    201112111  737  766  777  763  732  691  651  617  593  587  603  637
401A More    201112112  675  711  732  737  719  692  662  638  626  630  650  690
401A More    201112121  730  771  804  813  796  762  718  674  641  627  635  662
401A More    201112122  700  737  766  779  775  757  727  697  670  652  650  668
401A More    201112131  697  733  762  780  782  765  739  707  679  662  660  675
401A More    201112132  705  737  769  789  798  790  769  741  715  699  694  705
401A More    201112141  736  775  815  846  859  856  836  801  760  728  705  698
401A More    201112142  712  741  777  805  825  827  816  794  769  745  727  721
401A More    201112151  732  765  800  829  849  860  857  838  817  789  768  754
401A More    201112152  756  765  786  812  834  844  838  819  791  760  732  720
401A More    201112161  724  746  780  817  847  867  875  867  850  823  796  770
401A More    201112162  754  750  763  782  805  822  830  816  790  752  713  680
401A More    201112171  656  644  652  674  706  739  768  787  790  769  742  715
401A More    201112172  691  675  681  696  715  740  763  780  778  758  722  684
401A More    201112181  642  607  589  595  614  643  678  710  737  750  745  731
401A More    201112182  708  680  657  650  661  683  710  740  758  758  734  697
401A More    201112191  658  614  574  553  553  572  604  642  681  706  717  712
401A More    201112192  700  678  654  636  630  643  672  715  761  792  803  790
401A More    201112201  754  708  669  630  603  601  631  677  712  751  783  796
401A More    201112202  793  768  728  682  652  636  643  676  720  762  786  784
401A More    201112211  747  703  648  601  563  549  564  607  649  694  741  779
401A More    201112212  786  774  734  690  646  611  605  627  663  708  747  768
401A More    201112221  768  746  707  658  605  559  540  546  582  628  683  737
401A More    201112222  769  782  775  748  719  691  669  666  684  727  784  837
401A More    201112231  863  860  823  764  702  640  591  561  565  593  628  672
401A More    201112232  709  727  720  691  641  585  539  514  516  553  608  672
401A More    201112241  728  758  758  731  684  628  578  545  531  545  580  627
401A More    201112242  680  721  742  737  708  664  618  573  542  544  571  612
401A More    201112251  658  695  710  699  666  612  550  504  476  466  485  527
401A More    201112252  580  635  670  687  681  654  619  583  549  538  558  602
401A More    201112261  648  697  734  748  736  706  661  608  563  533  525  536
401A More    201112262  564  605  645  665  666  644  608  571  541  521  522  549
401A More    201112271  593  655  720  770  791  783  759  723  692  671  663  668
401A More    201112272  686  717  749  772  778  772  750  715  679  645  614  605
401A More    201112281  610  633  668  712  743  755  752  735  714  700  693  695
401A More    201112282  717  744  768  787  800  802  793  775  752  728  713  703
401A More    201112291  704  727  759  797  834  855  858  848  821  784  755  731
401A More    201112292  724  726  734  737  741  741  734  721  699  671  640  613
401A More    201112301  598  597  614  643  684  721  753  771  778  770  762  752
401A More    201112302  749  755  766  780  796  812  821  821  808  786  760  730
401A More    201112311  693  667  657  661  674  692  715  732  739  740  736  727
401A More    201112312  718  708  701  702  714  730  744  763  780  775  762  745
